CHR SNP BP A1 A2 SNPVAR N Z P PIP BETA_MEAN BETA_SD DISTANCE_FROM_CENTER CREDIBLE_SET
14 rs2526941 73155735 C T -8.7367e-10 12938 5.4532 4.94714e-08 0.697253 0.0321101 0.0223445 746 1
2 rs79918355 47500410 A G 2.2361e-07 12938 6.0342 1.59752e-09 0.910152 0.0465701 0.0167989 5875 1
2 rs12988876 206022696 T C 5.4814e-08 12938 5.5261 3.27428e-08 0.990893 0.0476679 0.00971338 256 1
2 rs148139295 206062950 T A 1.6403e-07 12938 6.1274 8.93267e-10 0.763428 0.0405562 0.0238151 40510 2
1 rs139595671 159125075 T C 5.6624e-08 12938 4.8017 1.57324e-06 0.566628 0.0228398 0.0209793 618478 0
1 rs12078864 159744792 T C 5.6624e-08 12938 6.1661 6.99948e-10 0.460804 0.0243607 0.0269999 1239 1
1 rs12078861 159744787 T C 5.6624e-08 12938 6.1231 9.17721e-10 0.356095 0.0186933 0.0256652 1234 1
2 rs2164808 25377176 C T -4.1296e-08 12938 5.6765 1.37479e-08 0.7493 0.0361047 0.0221778 7349 1
2 rs4665765 25362515 C T -1.3511e-08 12938 5.6796 1.3501e-08 0.249359 0.0120218 0.0212978 7312 1
11 rs11481 67820335 A T -1.1286e-08 12938 5.5103 3.58223e-08 0.881091 0.0410746 0.0171171 126 0
13 rs7333147 50745971 G A 1.9295e-08 12938 5.5431 2.97163e-08 0.410112 0.0178016 0.0220593 249 0
